	(1)	(2)	(3)	(4)	(5)	(6)	(7)	(8)	(9)	(10)	(11)	(12)	(13)	(14)	(15)	(16)
VARIABLES	ccei_col90	ccei_col90	ccei_col95	ccei_col95	ccei_col99	ccei_col99	ccei_col1	ccei_col1	ccei_col90	ccei_col90	ccei_col95	ccei_col95	ccei_col99	ccei_col99	ccei_col1	ccei_col1
																
t	0.525***	0.496***	0.482***	0.454***	0.563***	0.536***	0.576***	0.545***	0.370*	0.336	0.130	0.049	0.041	-0.019	0.291	0.253
	(0.153)	(0.157)	(0.163)	(0.174)	(0.145)	(0.156)	(0.171)	(0.187)	(0.220)	(0.218)	(0.263)	(0.279)	(0.226)	(0.243)	(0.265)	(0.279)
pbl	0.208	0.207	0.133	0.130	0.012	0.004	0.046	0.036	0.407*	0.403*	0.045	0.025	0.055	0.008	0.061	0.018
	(0.178)	(0.178)	(0.185)	(0.188)	(0.182)	(0.188)	(0.186)	(0.192)	(0.238)	(0.238)	(0.251)	(0.250)	(0.246)	(0.254)	(0.237)	(0.241)
t_pbl	-0.211	-0.280	-0.179	-0.235	-0.290	-0.353*	-0.195	-0.279	-0.459	-0.506	-0.222	-0.240	-0.226	-0.233	-0.098	-0.144
	(0.208)	(0.212)	(0.225)	(0.233)	(0.195)	(0.207)	(0.220)	(0.236)	(0.313)	(0.324)	(0.331)	(0.346)	(0.301)	(0.318)	(0.330)	(0.350)
ccei_both902									0.849***	0.895***						
									(0.256)	(0.253)						
ccei_both900									-0.002	-0.071						
									(0.299)	(0.308)						
t_ccei_both902									0.034	0.018						
									(0.428)	(0.425)						
t_ccei_both900									-0.147	-0.083						
									(0.647)	(0.669)						
pbl_ccei_both902									-0.119	-0.135						
									(0.342)	(0.353)						
pbl_ccei_both900									-0.669*	-0.571						
									(0.404)	(0.415)						
t_pbl_ccei_both902									0.379	0.371						
									(0.533)	(0.537)						
t_pbl_ccei_both900									0.670	0.463						
									(0.820)	(0.846)						
riskpref_col		2.572***		2.117***		2.273***		3.031***		2.751***		2.419***		2.417***		2.950***
		(0.474)		(0.381)		(0.379)		(0.385)		(0.473)		(0.394)		(0.374)		(0.370)
ccei_both952											0.308	0.350				
											(0.247)	(0.259)				
ccei_both950											-1.003***	-1.076***				
											(0.263)	(0.270)				
t_ccei_both952											0.412	0.459				
											(0.400)	(0.410)				
t_ccei_both950											-0.035	0.091				
											(0.392)	(0.397)				
pbl_ccei_both952											0.337	0.350				
											(0.368)	(0.381)				
pbl_ccei_both950											0.155	0.225				
											(0.364)	(0.365)				
t_pbl_ccei_both952											-0.103	-0.167				
											(0.522)	(0.530)				
t_pbl_ccei_both950											0.556	0.442				
											(0.516)	(0.509)				
ccei_both992													0.179	0.203		
													(0.288)	(0.298)		
ccei_both990													-0.991***	-1.053***		
													(0.297)	(0.302)		
t_ccei_both992													0.552	0.573		
													(0.436)	(0.451)		
t_ccei_both990													0.614	0.653*		
													(0.383)	(0.377)		
pbl_ccei_both992													0.351	0.400		
													(0.401)	(0.415)		
pbl_ccei_both990													-0.237	-0.150		
													(0.383)	(0.385)		
t_pbl_ccei_both992													-0.467	-0.586		
													(0.554)	(0.570)		
t_pbl_ccei_both990													0.067	-0.009		
													(0.496)	(0.491)		
ccei_both12															0.527	0.557
															(0.444)	(0.456)
ccei_both10															-0.660***	-0.674***
															(0.253)	(0.252)
t_ccei_both12															-0.011	-0.068
															(0.545)	(0.565)
t_ccei_both10															0.194	0.236
															(0.324)	(0.322)
pbl_ccei_both12															0.150	0.194
															(0.580)	(0.612)
pbl_ccei_both10															-0.181	-0.117
															(0.321)	(0.310)
t_pbl_ccei_both12															-0.069	-0.142
															(0.732)	(0.769)
t_pbl_ccei_both10															-0.096	-0.156
															(0.399)	(0.405)
Constant	0.802***	-0.977***	0.365***	-1.111***	-0.103	-1.698***	-0.473***	-2.615***	0.472**	-1.442***	0.529***	-1.153***	0.262	-1.412***	-0.179	-2.258***
	(0.106)	(0.357)	(0.120)	(0.313)	(0.113)	(0.309)	(0.123)	(0.334)	(0.185)	(0.380)	(0.185)	(0.338)	(0.182)	(0.339)	(0.194)	(0.383)
																
Observations	1,324	1,324	1,324	1,324	1,324	1,324	1,324	1,324	1,324	1,324	1,324	1,324	1,324	1,324	1,324	1,324
Robust standard errors in parentheses																
*** p<0.01, ** p<0.05, * p<0.1																
