	(1)	(2)	(3)	(4)	(5)	(6)	(7)
VARIABLES	dt_share	dt_share	dt_share	dt_share	dt_share	dt_share	dt_share
							
txtreatment	-0.007	0.064***	0.078***	0.072***	0.053***	0.060**	0.036
	(0.025)	(0.020)	(0.018)	(0.018)	(0.019)	(0.026)	(0.040)
t	0.029	-0.027*	-0.035**	-0.037**	-0.015	-0.007	-0.033
	(0.018)	(0.015)	(0.014)	(0.015)	(0.013)	(0.019)	(0.033)
female	-0.080***	-0.048***	-0.049***	-0.029**	-0.002	-0.041*	-0.053**
	(0.020)	(0.016)	(0.013)	(0.012)	(0.015)	(0.025)	(0.023)
height	-0.000	0.001	0.001	-0.000	0.002	0.001	-0.001
	(0.002)	(0.001)	(0.001)	(0.001)	(0.001)	(0.002)	(0.002)
weight	-0.001	-0.001	-0.001	0.000	-0.000	0.001	0.000
	(0.001)	(0.001)	(0.001)	(0.001)	(0.001)	(0.001)	(0.001)
motherage	0.004	-0.004**	0.000	0.001	0.004	0.007	-0.002
	(0.003)	(0.002)	(0.002)	(0.002)	(0.003)	(0.004)	(0.003)
fatherage	-0.002	0.001	-0.001	-0.001	-0.001	-0.007	-0.001
	(0.003)	(0.003)	(0.003)	(0.002)	(0.003)	(0.005)	(0.003)
motheredu	0.003	-0.003	0.003	0.001	0.037*	-0.003	-0.010
	(0.022)	(0.018)	(0.017)	(0.013)	(0.019)	(0.030)	(0.024)
fatheredu	-0.005	-0.002	0.006	0.007	-0.041**	-0.016	0.054**
	(0.023)	(0.019)	(0.017)	(0.014)	(0.020)	(0.029)	(0.024)
firstborn	0.018	0.008	0.014	0.002	-0.003	-0.008	-0.009
	(0.019)	(0.015)	(0.013)	(0.012)	(0.015)	(0.022)	(0.023)
mathscore	-0.002	0.004	-0.000	-0.002	-0.003	-0.010	-0.001
	(0.006)	(0.005)	(0.004)	(0.004)	(0.005)	(0.007)	(0.007)
selfesteem	-0.023	-0.024	-0.037**	-0.013	-0.020	-0.030	0.014
	(0.021)	(0.017)	(0.015)	(0.013)	(0.018)	(0.021)	(0.026)
outgoing	-0.007	0.004	-0.004	-0.008	-0.004	-0.011	-0.015
	(0.010)	(0.008)	(0.007)	(0.006)	(0.009)	(0.012)	(0.013)
agreeable	0.000	0.003	-0.001	-0.003	-0.006	-0.011	-0.007
	(0.013)	(0.010)	(0.008)	(0.008)	(0.011)	(0.016)	(0.015)
conscientious	0.010	0.006	0.017**	0.009	0.014	0.014	0.006
	(0.011)	(0.009)	(0.008)	(0.007)	(0.009)	(0.015)	(0.014)
stable	-0.001	-0.018*	-0.012	-0.012*	-0.006	-0.013	-0.008
	(0.011)	(0.010)	(0.008)	(0.007)	(0.009)	(0.016)	(0.014)
opened	-0.017	-0.005	-0.010	-0.012*	-0.019**	0.006	-0.028*
	(0.011)	(0.008)	(0.008)	(0.007)	(0.008)	(0.013)	(0.015)
same_height	-0.003	-0.004	-0.009	-0.003	0.025**	0.008	-0.008
	(0.013)	(0.009)	(0.008)	(0.008)	(0.010)	(0.017)	(0.018)
same_weight	0.052***	0.029***	0.026***	0.045***	0.029***	0.023	0.003
	(0.013)	(0.009)	(0.008)	(0.008)	(0.011)	(0.017)	(0.020)
same_classroom	-0.023	0.052***	0.056***	0.024***	0.025**	-0.007	0.023
	(0.029)	(0.011)	(0.008)	(0.008)	(0.012)	(0.022)	(0.020)
same_sex	-0.076*	0.030*	0.022*	0.015	0.034**	0.015	-0.015
	(0.042)	(0.018)	(0.012)	(0.009)	(0.014)	(0.022)	(0.022)
12.school	-0.043	-0.046	-0.012	-0.018	-0.048	0.045	-0.139***
	(0.041)	(0.028)	(0.028)	(0.031)	(0.050)	(0.099)	(0.049)
13.school	0.002	-0.010	0.015	0.012	0.024	0.040	-0.043
	(0.037)	(0.029)	(0.022)	(0.023)	(0.033)	(0.048)	(0.037)
14.school	0.039	-0.013	0.041	-0.005	0.017	0.069	0.053
	(0.039)	(0.031)	(0.027)	(0.023)	(0.029)	(0.054)	(0.043)
15.school	-0.006	0.017	0.066**	0.055**	0.085***	0.114**	-0.108**
	(0.043)	(0.031)	(0.026)	(0.028)	(0.030)	(0.056)	(0.047)
16.school	-0.008	0.015	0.128***	0.091***	0.115***	0.177***	-0.023
	(0.044)	(0.032)	(0.025)	(0.023)	(0.032)	(0.067)	(0.047)
21.school	-0.074*	-0.065**	-0.004	-0.025	-0.031	0.076	0.013
	(0.042)	(0.032)	(0.027)	(0.025)	(0.040)	(0.101)	(0.054)
22.school	-0.034	0.013	0.064**	0.050	-0.023	-0.041	0.157**
	(0.044)	(0.033)	(0.032)	(0.033)	(0.065)	(0.059)	(0.075)
23.school	0.039	0.044	0.065**	0.085***	0.068**	0.102*	0.007
	(0.040)	(0.036)	(0.030)	(0.028)	(0.033)	(0.061)	(0.051)
24.school	0.033	-0.003	0.045	0.064**	0.070*	0.131**	-0.048
	(0.052)	(0.034)	(0.032)	(0.029)	(0.036)	(0.063)	(0.042)
25.school	0.015	0.016	0.022	0.040	0.081**	0.071	-0.011
	(0.041)	(0.032)	(0.025)	(0.025)	(0.035)	(0.054)	(0.046)
26.school	0.002	0.014	0.063**	0.061**	0.064*	0.039	0.002
	(0.045)	(0.036)	(0.030)	(0.031)	(0.037)	(0.058)	(0.043)
distance_01	0.101	0.164***	0.033	0.103**	0.086	0.196***	0.168**
	(0.086)	(0.060)	(0.042)	(0.048)	(0.082)	(0.047)	(0.066)
distance_02	0.017	0.109*	0.003	0.070*	0.044	0.079	0.117***
	(0.086)	(0.059)	(0.038)	(0.039)	(0.049)	(0.084)	(0.042)
distance_03	0.037	0.079	-0.029	0.032	0.005	0.106**	0.086**
	(0.088)	(0.060)	(0.037)	(0.036)	(0.037)	(0.044)	(0.040)
distance_04	0.002	0.067	-0.033	0.023	0.003	0.048	0.054
	(0.089)	(0.061)	(0.038)	(0.036)	(0.037)	(0.036)	(0.035)
distance_05	-0.066	0.087	-0.020	0.013	-0.020	0.043	0.027
	(0.104)	(0.068)	(0.040)	(0.038)	(0.037)	(0.034)	(0.033)
distance_06to11	0.143	0.021	-0.012	-0.004	-0.019	0.039	0.026
	(0.102)	(0.087)	(0.050)	(0.041)	(0.039)	(0.034)	(0.038)
Constant	0.581*	0.173	0.285	0.307	-0.142	0.044	0.572
	(0.313)	(0.255)	(0.222)	(0.188)	(0.234)	(0.292)	(0.356)
							
Observations	2,926	4,832	5,554	4,610	2,562	1,198	735
R-squared	0.049	0.058	0.069	0.058	0.077	0.082	0.122
Robust standard errors in parentheses							
*** p<0.01, ** p<0.05, * p<0.1							
